287
519
433
533
20
20
1
60
20
0
100
20
0
140
20
0
180
20
0
220
20
0
260
20
0
300
20
0
340
20
0
380
20
0
420
20
1
460
20
3
500
20
3
540
20
3
580
20
2
620
20
2
660
20
2
700
20
4
740
20
1
780
20
0
20
60
1
60
60
1
100
60
1
140
60
4
180
60
0
220
60
0
260
60
2
300
60
2
340
60
2
380
60
4
420
60
1
460
60
0
500
60
0
540
60
0
580
60
0
620
60
0
660
60
0
700
60
0
740
60
1
780
60
0
20
100
1
60
100
0
100
100
0
140
100
0
180
100
0
220
100
0
260
100
0
300
100
0
340
100
0
380
100
0
420
100
1
460
100
2
500
100
0
540
100
0
580
100
0
620
100
0
660
100
0
700
100
0
740
100
1
780
100
0
20
140
1
60
140
0
100
140
0
140
140
0
180
140
0
220
140
0
260
140
0
300
140
0
340
140
0
380
140
0
420
140
1
460
140
0
500
140
0
540
140
0
580
140
1
620
140
4
660
140
0
700
140
0
740
140
1
780
140
0
20
180
1
60
180
0
100
180
0
140
180
0
180
180
0
220
180
0
260
180
0
300
180
4
340
180
0
380
180
0
420
180
1
460
180
0
500
180
0
540
180
0
580
180
1
620
180
0
660
180
0
700
180
0
740
180
1
780
180
0
20
220
1
60
220
0
100
220
0
140
220
0
180
220
0
220
220
0
260
220
1
300
220
0
340
220
5
380
220
0
420
220
1
460
220
0
500
220
0
540
220
0
580
220
1
620
220
0
660
220
0
700
220
0
740
220
1
780
220
0
20
260
1
60
260
0
100
260
0
140
260
0
180
260
0
220
260
4
260
260
0
300
260
0
340
260
0
380
260
0
420
260
1
460
260
0
500
260
0
540
260
0
580
260
1
620
260
0
660
260
0
700
260
4
740
260
1
780
260
0
20
300
1
60
300
0
100
300
1
140
300
4
180
300
1
220
300
0
260
300
5
300
300
0
340
300
0
380
300
0
420
300
1
460
300
0
500
300
0
540
300
0
580
300
1
620
300
0
660
300
0
700
300
0
740
300
1
780
300
0
20
340
1
60
340
0
100
340
1
140
340
0
180
340
5
220
340
0
260
340
0
300
340
0
340
340
0
380
340
0
420
340
1
460
340
0
500
340
0
540
340
0
580
340
1
620
340
0
660
340
0
700
340
0
740
340
1
780
340
0
20
380
1
60
380
0
100
380
1
140
380
0
180
380
0
220
380
0
260
380
0
300
380
0
340
380
1
380
380
3
420
380
0
460
380
0
500
380
0
540
380
0
580
380
1
620
380
1
660
380
1
700
380
0
740
380
1
780
380
0
20
420
1
60
420
0
100
420
1
140
420
0
180
420
0
220
420
0
260
420
0
300
420
1
340
420
0
380
420
0
420
420
0
460
420
0
500
420
0
540
420
0
580
420
1
620
420
4
660
420
0
700
420
0
740
420
1
780
420
1
20
460
1
60
460
0
100
460
1
140
460
0
180
460
4
220
460
6
260
460
1
300
460
0
340
460
0
380
460
0
420
460
0
460
460
0
500
460
0
540
460
0
580
460
1
620
460
0
660
460
0
700
460
0
740
460
0
780
460
1
20
500
1
60
500
0
100
500
1
140
500
0
180
500
0
220
500
6
260
500
0
300
500
0
340
500
0
380
500
0
420
500
0
460
500
0
500
500
0
540
500
0
580
500
1
620
500
0
660
500
1
700
500
1
740
500
1
780
500
1
20
540
1
60
540
77
100
540
1
140
540
0
180
540
0
220
540
6
260
540
0
300
540
0
340
540
0
380
540
0
420
540
0
460
540
0
500
540
0
540
540
0
580
540
0
620
540
0
660
540
0
700
540
0
740
540
7
780
540
1
20
580
1
60
580
0
100
580
1
140
580
0
180
580
0
220
580
0
260
580
0
300
580
0
340
580
0
380
580
0
420
580
0
460
580
0
500
580
0
540
580
0
580
580
1
620
580
0
660
580
0
700
580
0
740
580
0
780
580
1
